181 80 107 82 194 251 39 99
234 40 209 170 67 222 127 20
65 191 69 240 120 46 99 55
85 105 162 121 186 131 150 5
120 227 172 213 109 81 19 182
174 250 68 111 42 79 162 83
145 149 84 89 14 141 230 77
195 237 180 90 169 47 204 25
110 237 162 42 19 138 2 173
104 47 224 214 200 210 124 56
68 122 63 215 177 196 211 3
64 111 181 239 180 89 251 194
193 216 237 164 34 154 213 134
164 230 44 3 137 155 69 204
52 216 160 131 167 82 200 12
233 110 120 173 4 60 143 136
170 98 32 122 20 49 14 181
26 60 154 229 82 158 101 115
205 55 168 26 192 178 125 16
237 4 252 213 65 136 250 146
37 67 107 166 39 136 131 241
151 167 46 117 152 5 242 16
63 68 122 58 116 8 174 236
64 111 107 80 27 56 239 194
152 227 216 237 247 23 135 192
164 108 69 204 26 137 88 199
52 138 131 210 180 244 240 57
233 110 116 230 143 201 8 216
20 98 170 31 14 40 121 52
26 101 158 28 154 187 254 60
55 221 192 26 168 190 32 13
237 213 14 65 78 142 93 136
224 206 178 197 107 0 47 133
201 179 156 74 40 69 217 122
49 217 213 167 141 188 21 107
224 214 244 88 32 212 40 76
24 129 255 239 41 139 198 57
50 140 58 147 14 57 105 128
92 146 79 227 40 84 219 3
189 85 2 242 213 177 13 216
